844 158 42 518 7 119 241 519 894 40
19 522 898 988 991 858 582 228 755 402
876 429 225 977 113 868 810 999 548 301
572 641 608 12 159 475 731 88 941 277
662 543 355 544 295 317 914 634 566 752
564 299 309 263 201 845 708 561 207 278
670 712 954 657 531 643 193 61 100 435
693 18 463 938 929 601 766 833 310 41
629 808 174 126 956 251 579 31 895 565
2 416 179 931 817 410 751 366 636 734
481 684 851 867 335 946 502 656 107 617
972 96 98 353 44 569 497 704 545 319
127 16 106 850 786 795 401 937 26 52
927 397 298 227 620 836 737 185 606 770
422 110 462 924 403 957 857 63 496 426
478 124 296 237 352 520 489 525 542 153
64 80 813 168 213 361 947 922 576 54
539 885 252 821 874 685 645 206 264 963
336 966 479 762 832 513 794 649 913 596
82 843 297 472 899 499 468 595 905 962