70,39,1 
8,89,0 
54,5,1 
15,76,0 
96,17,1 
42,51,0 
19,58,0 
33,65,0 
100,36,1 
89,19,1 
87,9,1 
44,58,0 
79,9,1 
55,45,1 
36,62,0 
61,33,1 
54,10,1 
45,84,0 
75,31,1 
1,67,0 
96,2,1 
18,71,0 
72,7,1 
100,19,1 
33,94,0 
1,66,0 
58,34,1 
3,84,0 
4,76,0 
27,95,0 
64,28,1 
9,100,0 
22,61,0 
71,31,1 
67,30,1 
74,5,1 
93,7,1 
43,96,0 
38,81,0 
14,52,0 
18,52,0 
4,97,0 
33,60,0 
44,89,0 
64,37,1 
74,27,1 
37,70,0 
1,74,0 
12,89,0 
83,4,1 
0,67,0 
74,21,1 
58,19,1 
14,97,0 
53,48,1 
78,4,1 
72,4,1 
83,37,1 
87,0,1 
64,5,1 
16,76,0 
8,76,0 
36,92,0 
35,88,0 
53,25,1 
65,3,1 
85,32,1 
52,6,1 
6,51,0 
55,16,1 
53,41,1 
77,45,1 
28,97,0 
36,85,0 
41,71,0 
6,88,0 
16,92,0 
20,59,0 
25,92,0 
15,66,0 
54,12,1 
65,35,1 
28,81,0 
74,44,1 
4,59,0 
90,36,1 
11,75,0 
87,28,1 
59,48,1 
89,31,1 
51,13,1 
39,78,0 
45,60,0 
87,39,1 
89,19,1 
22,63,0 
11,77,0 
17,95,0 
67,24,1 
78,17,1 
9,91,0 
26,88,0 
33,83,0 
14,64,0 
77,27,1 
0,89,0 
77,3,1 
17,74,0 
41,63,0 
72,40,1 
31,56,0 
88,45,1 
8,77,0 
29,87,0 
35,95,0 
67,23,1 
57,32,1 
81,42,1 
51,38,1 
28,96,0 
54,3,1 
16,89,0 
78,10,1 
41,97,0 
92,48,1 
47,61,0 
10,84,0 
20,96,0 
62,30,1 
36,83,0 
9,97,0 
9,86,0 
72,47,1 
35,79,0 
41,52,0 
58,47,1 
89,21,1 
82,1,1 
32,97,0 
0,69,0 
100,46,1 
81,38,1 
32,71,0 
39,77,0 
34,88,0 
97,34,1 
96,4,1 
76,30,1 
59,31,1 
63,17,1 
33,88,0 
31,62,0 
10,56,0 
4,58,0 
73,0,1 
36,90,0 
12,98,0 
35,77,0 
42,92,0 
2,97,0 
52,23,1 
69,33,1 
92,13,1 
42,89,0 
87,3,1 
35,60,0 
54,24,1 
56,0,1 
79,0,1 
99,26,1 
94,6,1 
66,10,1 
62,36,1 
11,97,0 
59,21,1 
3,51,0 
93,30,1 
5,95,0 
64,0,1 
55,24,1 
68,10,1 
91,41,1 
33,90,0 
9,98,0 
72,43,1 
45,83,0 
36,70,0 
3,98,0 
96,48,1 
55,13,1 
10,71,0 
83,30,1 
73,13,1 
87,33,1 
80,33,1 
75,14,1 
70,44,1 
12,75,0 
99,35,1 
44,66,0 
40,78,0 
56,23,1 
53,23,1 
99,38,1 
19,97,0 
3,94,0 
43,90,0 
90,25,1 
41,99,0 
75,23,1 
29,96,0 
69,15,1 
31,96,0 
93,36,1 
74,35,1 
33,88,0 
20,79,0 
49,68,0 
100,7,1 
56,2,1 
79,31,1 
28,51,0 
37,90,0 
66,29,1 
46,70,0 
38,66,0 
85,42,1 
76,38,1 
43,85,0 
31,80,0 
48,54,0 
19,77,0 
31,61,0 
73,10,1 
11,92,0 
53,49,1 
29,69,0 
75,19,1 
78,45,1 
52,39,1 
74,33,1 
3,72,0 
9,90,0 
55,24,1 
14,68,0 
67,8,1 
69,9,1 
83,32,1 
48,96,0 
25,95,0 
3,96,0 
25,87,0 
72,19,1 
93,19,1 
2,58,0 
51,24,1 
41,94,0 
66,31,1 
51,17,1 
73,38,1 
87,12,1 
59,22,1 
44,63,0 
40,79,0 
41,57,0 
1,51,0 
83,16,1 
18,76,0 
53,6,1 
52,14,1 
51,46,1 
66,21,1 
85,0,1 
85,9,1 
16,57,0 
76,1,1 
28,66,0 
63,24,1 
78,43,1 
88,6,1 
25,69,0 
98,44,1 
83,41,1 
96,5,1 
20,74,0 
30,52,0 
27,52,0 
61,38,1 
84,32,1 
12,60,0 
26,89,0 
62,47,1 
90,32,1 
78,14,1 
41,93,0 
8,91,0 
36,73,0 
59,16,1 
17,76,0 
36,57,0 
69,41,1 
100,1,1 
87,13,1 
53,5,1 
44,72,0 
45,74,0 
18,83,0 
4,77,0 
81,46,1 
12,93,0 
59,22,1 
100,10,1 
49,88,0 
97,3,1 
33,98,0 
86,42,1 
58,26,1 
59,8,1 
82,0,1 
99,25,1 
38,61,0 
78,13,1 
32,86,0 
93,25,1 
75,1,1 
60,33,1 
84,21,1 
43,96,0 
29,65,0 
92,20,1 
22,69,0 
52,8,1 
37,58,0 
15,85,0 
0,57,0 
42,52,0 
92,8,1 
12,60,0 
99,34,1 
99,26,1 
86,32,1 
39,73,0 
26,60,0 
87,22,1 
46,73,0 
65,16,1 
15,93,0 
43,79,0 
70,17,1 
65,2,1 
42,84,0 
54,45,1 
48,53,0 
63,3,1 
1,58,0 
27,75,0 
45,98,0 
22,83,0 
90,12,1 
56,48,1 
55,28,1 
56,22,1 
47,62,0 
30,53,0 
85,29,1 
20,52,0 
53,32,1 
66,46,1 
40,52,0 
54,13,1 
48,71,0 
69,47,1 
41,80,0 
80,26,1 
72,24,1 
38,63,0 
8,87,0 
2,78,0 
25,85,0 
79,24,1 
75,30,1 
18,82,0 
43,54,0 
38,78,0 
20,65,0 
41,70,0 
7,79,0 
36,62,0 
55,3,1 
15,74,0 
35,67,0 
93,10,1 
6,73,0 
5,89,0 
78,14,1 
5,84,0 
13,72,0 
61,20,1 
11,58,0 
1,83,0 
19,72,0 
41,61,0 
77,43,1 
74,47,1 
4,75,0 
41,65,0 
41,77,0 
88,13,1 
13,80,0 
76,13,1 
16,88,0 
81,25,1 
28,82,0 
70,16,1 
42,74,0 
57,24,1 
72,8,1 
91,16,1 
93,34,1 
7,59,0 
29,68,0 
80,5,1 
62,12,1 
99,18,1 
26,83,0 
19,82,0 
100,48,1 
32,53,0 
36,73,0 
92,25,1 
63,29,1 
61,6,1 
26,72,0 
84,3,1 
84,14,1 
95,43,1 
59,48,1 
35,73,0 
68,47,1 
44,51,0 
31,52,0 
54,28,1 
23,75,0 
2,75,0 
45,63,0 
77,37,1 
72,7,1 
33,79,0 
51,38,1 
82,44,1 
40,84,0 
93,24,1 
2,99,0 
65,22,1 
63,15,1 
17,88,0 
26,64,0 
55,8,1 
15,76,0 
29,78,0 
14,94,0 
76,19,1 
25,54,0 
98,24,1 
96,24,1 
7,68,0 
9,62,0 
76,10,1 
97,31,1 
34,68,0 
25,82,0 
56,28,1 
32,93,0 
49,61,0 
18,74,0 
31,95,0 
57,3,1 
64,14,1 
26,98,0 
55,35,1 
80,36,1 
7,59,0 
73,38,1 
25,86,0 
11,92,0 
62,47,1 
68,42,1 
22,96,0 
93,37,1 
4,83,0 
10,63,0 
62,25,1 
11,67,0 
34,91,0 
78,33,1 
61,29,1 
100,14,1 
11,65,0 
48,74,0 
86,36,1 
8,84,0 
25,56,0 
75,23,1 
3,52,0 
26,59,0 
44,61,0 
77,25,1 
29,58,0 
37,58,0 
33,57,0 
100,49,1 
35,98,0 
59,48,1 
49,78,0 
1,87,0 
64,29,1 
51,29,1 
29,62,0 
17,94,0 
29,100,0 
21,86,0 
7,99,0 
95,47,1 
86,28,1 
0,67,0 
18,94,0 
100,11,1 
61,0,1 
59,11,1 
18,81,0 
46,66,0 
89,22,1 
84,20,1 
64,16,1 
36,66,0 
94,9,1 
98,14,1 
17,89,0 
68,47,1 
84,49,1 
89,32,1 
11,100,0 
79,1,1 
2,77,0 
92,29,1 
31,73,0 
80,29,1 
2,56,0 
29,77,0 
46,51,0 
63,25,1 
75,30,1 
81,5,1 
24,99,0 
13,96,0 
1,78,0 
69,0,1 
41,92,0 
45,75,0 
83,6,1 
66,29,1 
14,100,0 
76,20,1 
33,65,0 
86,43,1 
2,96,0 
73,4,1 
80,18,1 
28,83,0 
85,23,1 
5,84,0 
12,69,0 
19,73,0 
100,29,1 
78,46,1 
79,33,1 
63,38,1 
10,95,0 
19,64,0 
81,28,1 
45,95,0 
36,92,0 
99,44,1 
62,21,1 
33,87,0 
82,25,1 
34,92,0 
42,87,0 
74,21,1 
63,40,1 
19,92,0 
46,72,0 
84,43,1 
18,91,0 
91,45,1 
43,76,0 
37,91,0 
19,56,0 
11,54,0 
30,88,0 
64,44,1 
92,16,1 
6,79,0 
33,68,0 
39,54,0 
65,31,1 
97,43,1 
48,80,0 
63,48,1 
99,23,1 
29,90,0 
19,87,0 
12,89,0 
68,47,1 
4,94,0 
65,40,1 
79,15,1 
15,67,0 
56,17,1 
81,18,1 
74,41,1 
58,2,1 
54,40,1 
62,47,1 
1,72,0 
53,13,1 
8,53,0 
53,12,1 
14,90,0 
89,1,1 
20,56,0 
7,66,0 
42,100,0 
30,93,0 
24,88,0 
79,23,1 
83,1,1 
1,85,0 
76,45,1 
3,66,0 
89,43,1 
66,14,1 
44,92,0 
15,76,0 
74,49,1 
43,54,0 
40,66,0 
63,3,1 
26,75,0 
72,15,1 
54,6,1 
15,52,0 
84,33,1 
43,96,0 
46,70,0 
42,61,0 
32,89,0 
14,88,0 
96,9,1 
98,38,1 
98,9,1 
4,90,0 
58,47,1 
5,82,0 
77,31,1 
9,74,0 
75,33,1 
47,64,0 
37,85,0 
2,97,0 
80,0,1 
86,30,1 
47,97,0 
52,41,1 
57,41,1 
80,46,1 
87,44,1 
87,24,1 
3,52,0 
7,80,0 
98,6,1 
51,21,1 
34,76,0 
17,99,0 
57,18,1 
77,17,1 
15,100,0 
26,73,0 
22,93,0 
61,20,1 
53,34,1 
78,39,1 
5,100,0 
36,91,0 
27,62,0 
47,67,0 
10,89,0 
69,32,1 
7,58,0 
22,76,0 
45,74,0 
92,6,1 
4,58,0 
72,15,1 
20,93,0 
65,0,1 
29,61,0 
13,64,0 
17,87,0 
88,3,1 
8,99,0 
100,16,1 
75,15,1 
62,26,1 
73,13,1 
22,77,0 
81,10,1 
38,69,0 
0,86,0 
41,78,0 
39,97,0 
60,9,1 
22,62,0 
90,31,1 
7,65,0 
16,78,0 
57,4,1 
31,100,0 
33,77,0 
85,15,1 
57,44,1 
35,87,0 
44,69,0 
51,41,1 
7,59,0 
43,58,0 
49,64,0 
30,52,0 
57,46,1 
62,27,1 
46,84,0 
71,22,1 
35,78,0 
34,71,0 
69,48,1 
39,77,0 
48,98,0 
72,46,1 
13,98,0 
13,55,0 
3,86,0 
51,27,1 
66,46,1 
26,75,0 
49,74,0 
24,90,0 
98,47,1 
33,95,0 
26,93,0 
1,69,0 
74,3,1 
70,7,1 
98,25,1 
92,35,1 
74,38,1 
56,14,1 
51,15,1 
25,54,0 
44,94,0 
11,68,0 
72,22,1 
92,12,1 
18,70,0 
7,77,0 
94,5,1 
34,62,0 
41,52,0 
71,34,1 
88,20,1 
67,19,1 
38,78,0 
73,2,1 
80,41,1 
56,19,1 
2,83,0 
12,68,0 
21,66,0 
29,81,0 
92,45,1 
25,67,0 
84,49,1 
1,59,0 
59,16,1 
60,3,1 
25,95,0 
5,86,0 
27,70,0 
70,26,1 
22,64,0 
42,87,0 
21,87,0 
27,58,0 
11,64,0 
2,74,0 
98,8,1 
4,77,0 
43,52,0 
87,33,1 
93,1,1 
51,32,1 
75,34,1 
53,44,1 
30,91,0 
3,70,0 
46,100,0 
9,59,0 
70,21,1 
89,4,1 
69,42,1 
84,27,1 
37,59,0 
99,28,1 
60,15,1 
95,11,1 
17,98,0 
78,46,1 
15,91,0 
34,61,0 
94,19,1 
74,6,1 
77,21,1 
17,66,0 
66,24,1 
17,71,0 
38,69,0 
43,57,0 
70,49,1 
25,71,0 
87,26,1 
95,6,1 
72,27,1 
33,58,0 
44,86,0 
60,40,1 
49,84,0 
54,38,1 
84,28,1 
39,69,0 
84,38,1 
5,96,0 
89,2,1 
12,51,0 
42,93,0 
47,54,0 
81,4,1 
35,62,0 
32,66,0 
51,20,1 
8,87,0 
60,10,1 
16,67,0 
58,48,1 
25,99,0 
17,93,0 
78,33,1 
20,63,0 
71,42,1 
53,34,1 
100,13,1 
37,53,0 
73,16,1 
33,68,0 
85,25,1 
95,7,1 
48,66,0 
86,43,1 
30,60,0 
45,99,0 
35,63,0 
43,76,0 
56,29,1 
16,80,0 
43,82,0 
44,82,0 
75,24,1 
21,75,0 
15,72,0 
76,13,1 
30,51,0 
44,99,0 
93,18,1 
25,89,0 
29,99,0 
4,81,0 
57,17,1 
72,16,1 
3,96,0 
97,43,1 
81,49,1 
73,24,1 
89,21,1 
89,7,1 
92,48,1 
47,88,0 
29,80,0 
24,89,0 
70,11,1 
23,76,0 
19,94,0 
93,45,1 
39,76,0 
4,72,0 
1,69,0 
18,96,0 
79,6,1 
58,26,1 
11,86,0 
53,0,1 
91,4,1 
25,67,0 
64,33,1 
58,12,1 
4,52,0 
55,8,1 
33,59,0 
65,19,1 
5,86,0 
92,28,1 
21,71,0 
37,77,0 
34,73,0 
6,74,0 
2,96,0 
69,14,1 
44,79,0 
30,70,0 
54,49,1 
14,85,0 
20,86,0 
24,98,0 
78,26,1 
40,94,0 
34,71,0 
0,56,0 
86,24,1 
86,3,1 
45,83,0 
65,34,1 
83,45,1 
82,29,1 
98,4,1 
100,49,1 
18,90,0 
14,100,0 
41,61,0 
51,7,1 
79,0,1 
36,54,0 
35,66,0 
43,62,0 
6,92,0 
100,43,1 
7,74,0 
85,33,1 
3,89,0 
81,38,1 
99,10,1 
69,41,1 
72,36,1 
18,73,0 
21,77,0 
96,43,1 
12,60,0 
38,70,0 
53,9,1 
9,52,0 
90,46,1 
68,42,1 
98,19,1 
45,68,0 
47,68,0 
13,89,0 
81,28,1 
59,22,1 
31,87,0 
49,53,0 
77,4,1 
4,71,0 
57,21,1 
10,74,0 
28,55,0 
76,35,1 
85,32,1 
41,77,0 
60,14,1 
19,85,0 
0,55,0 
19,93,0 
7,68,0 
59,38,1 
51,34,1 
86,29,1 
8,66,0 
40,58,0 
3,91,0 
36,53,0 
26,97,0 
79,33,1 
24,58,0 
66,35,1 
11,88,0 
83,26,1 
2,96,0 
99,48,1 
57,9,1 
100,9,1 
5,80,0 
79,30,1 
95,2,1 
27,88,0 
66,9,1 
32,96,0 
79,25,1 
37,85,0 
67,42,1 
42,60,0 
16,66,0 
86,39,1 
83,27,1 
84,7,1 
98,45,1 
59,31,1 
22,77,0 
74,2,1 
82,20,1 
64,25,1 
84,5,1 
26,86,0 
41,53,0 
56,49,1 
75,38,1 
16,83,0 
15,71,0 
11,54,0 
25,77,0 
36,68,0 
34,95,0 
60,39,1 
69,37,1 
43,63,0 
66,24,1 
96,41,1 
7,78,0 
97,6,1 
66,22,1 
27,69,0 
89,7,1 
79,44,1 
58,12,1 
81,32,1 
11,73,0 
42,95,0 
79,43,1 
98,9,1 
36,84,0 
29,75,0 
47,95,0 
75,47,1 
20,59,0 
79,11,1 
52,28,1 
26,72,0 
75,31,1 
21,59,0 
20,91,0 
32,92,0 
94,13,1 
87,26,1 
39,73,0 
28,81,0 
14,67,0 
23,61,0 
67,27,1 
56,5,1 
57,14,1 
32,75,0 
58,2,1 
94,5,1 
18,69,0 
0,75,0 
72,35,1 
26,91,0 
88,48,1 
89,30,1 
26,71,0 
11,82,0 
19,66,0 
12,89,0 
76,25,1 
13,66,0 
85,1,1 
31,57,0 
7,54,0 
72,45,1 
38,89,0 
32,52,0 
3,62,0 
37,74,0 
64,41,1 
62,31,1 
0,94,0 
40,71,0 
80,42,1 
84,1,1 
44,73,0 
98,11,1 
42,99,0 
94,14,1 
96,22,1 
10,59,0 
53,41,1 
7,100,0 
58,29,1 
20,67,0 
0,58,0 
34,93,0 
36,54,0 
7,54,0 
27,63,0 
95,4,1 
59,48,1 
27,57,0 
60,10,1 
34,61,0 
32,52,0 
93,16,1 
83,39,1 
31,75,0 
27,51,0 
20,73,0 
44,58,0 
51,1,1 
93,32,1 
28,78,0 
57,27,1 
85,32,1 
88,15,1 
98,39,1 
38,97,0 
29,97,0 
70,18,1 
98,36,1 
26,57,0 
75,49,1 
13,88,0 
75,44,1 
31,77,0 
98,48,1 
45,60,0 
35,90,0 
60,1,1 
28,97,0 
3,62,0 
86,2,1 
76,17,1 
76,37,1 
36,72,0 
71,38,1 
53,3,1 
74,3,1 
66,46,1 
0,61,0 
90,41,1 
80,35,1 
58,13,1 
96,11,1 
17,68,0 
44,97,0 
65,4,1 
97,31,1 
91,7,1 
8,66,0 
86,26,1 
26,69,0 
20,55,0 
10,53,0 
87,22,1 
70,11,1 
52,19,1 
84,23,1 
40,74,0 
100,2,1 
52,31,1 
30,56,0 
18,69,0 
94,15,1 
17,62,0 
75,40,1 
53,31,1 
27,95,0 
74,47,1 
60,2,1 
7,74,0 
47,54,0 
34,81,0 
17,89,0 
57,23,1 
41,90,0 
62,35,1 
95,25,1 
20,75,0 
0,53,0 
74,43,1 
97,33,1 
8,70,0 
89,40,1 
3,51,0 
39,53,0 
95,30,1 
36,94,0 
55,23,1 
58,23,1 
36,81,0 
97,29,1 
83,21,1 
16,84,0 
76,11,1 
12,53,0 
4,74,0 
97,42,1 
21,83,0 
20,73,0 
6,100,0 
61,48,1 
99,37,1 
88,8,1 
18,65,0 
96,28,1 
30,64,0 
29,67,0 
47,72,0 
30,77,0 
89,27,1 
17,84,0 
85,34,1 
17,56,0 
87,16,1 
21,67,0 
38,73,0 
10,54,0 
97,48,1 
82,29,1 
99,42,1 
16,57,0 
14,54,0 
48,71,0 
82,46,1 
13,86,0 
34,63,0 
72,1,1 
8,69,0 
53,9,1 
11,84,0 
27,53,0 
38,92,0 
75,40,1 
33,67,0 
96,14,1 
10,65,0 
58,29,1 
4,92,0 
57,13,1 
57,26,1 
38,53,0 
24,84,0 
66,2,1 
97,44,1 
60,14,1 
56,5,1 
1,51,0 
55,27,1 
21,73,0 
4,67,0 
23,78,0 
66,6,1 
36,59,0 
10,51,0 
40,86,0 
86,48,1 
88,6,1 
35,78,0 
15,71,0 
76,33,1 
88,34,1 
4,85,0 
64,22,1 
59,38,1 
48,94,0 
80,26,1 
0,90,0 
82,30,1 
87,39,1 
59,13,1 
0,74,0 
7,99,0 
17,64,0 
44,62,0 
73,9,1 
90,46,1 
8,91,0 
47,85,0 
62,42,1 
34,74,0 
63,13,1 
59,42,1 
14,70,0 
49,77,0 
48,96,0 
62,5,1 
24,67,0 
65,20,1 
52,19,1 
67,48,1 
82,30,1 
84,41,1 
88,26,1 
25,76,0 
45,68,0 
19,77,0 
28,59,0 
24,60,0 
86,45,1 
87,34,1 
13,75,0 
18,87,0 
70,42,1 
90,1,1 
8,61,0 
6,96,0 
17,76,0 
62,25,1 
95,32,1 
47,70,0 
69,12,1 
12,89,0 
60,49,1 
57,12,1 
94,16,1 
37,61,0 
69,18,1 
99,8,1 
42,57,0 
22,52,0 
59,13,1 
74,45,1 
61,12,1 
76,27,1 
18,77,0 
83,30,1 
33,85,0 
34,100,0 
42,81,0 
63,20,1 
96,1,1 
4,89,0 
0,69,0 
61,22,1 
100,37,1 
2,68,0 
56,41,1 
37,65,0 
85,30,1 
29,88,0 
97,44,1 
64,1,1 
57,22,1 
74,11,1 
60,41,1 
43,58,0 
34,92,0 
83,24,1 
45,99,0 
99,0,1 
10,54,0 
7,78,0 
65,0,1 
17,100,0 
5,97,0 
88,18,1 
39,92,0 
65,10,1 
99,32,1 
20,96,0 
40,100,0 
95,37,1 
39,58,0 
49,51,0 
29,86,0 
99,21,1 
87,32,1 
7,55,0 
41,94,0 
89,16,1 
91,40,1 
16,58,0 
93,41,1 
20,69,0 
11,64,0 
34,69,0 
8,70,0 
32,70,0 
43,95,0 
13,61,0 
21,61,0 
24,95,0 
92,32,1 
40,65,0 
2,81,0 
39,83,0 
94,21,1 
76,35,1 
58,45,1 
29,86,0 
1,71,0 
31,99,0 
12,69,0 
52,16,1 
20,72,0 
69,32,1 
51,30,1 
98,38,1 
51,8,1 
33,72,0 
45,85,0 
92,15,1 
0,74,0 
91,25,1 
37,93,0 
37,61,0 
10,70,0 
15,91,0 
65,1,1 
79,28,1 
10,86,0 
49,74,0 
98,28,1 
8,81,0 
52,37,1 
4,78,0 
1,57,0 
52,13,1 
53,39,1 
52,15,1 
98,44,1 
12,89,0 
73,10,1 
92,33,1 
46,74,0 
67,28,1 
83,44,1 
44,53,0 
27,75,0 
6,72,0 
61,31,1 
39,82,0 
95,17,1 
9,71,0 
39,93,0 
39,99,0 
56,47,1 
3,97,0 
82,29,1 
65,13,1 
84,24,1 
35,80,0 
10,77,0 
24,54,0 
86,5,1 
55,0,1 
66,18,1 
78,42,1 
84,19,1 
58,31,1 
16,65,0 
43,82,0 
77,10,1 
76,46,1 
87,48,1 
65,46,1 
47,89,0 
64,22,1 
33,64,0 
23,74,0 
65,45,1 
24,87,0 
64,31,1 
82,45,1 
93,27,1 
55,26,1 
55,15,1 
74,5,1 
75,28,1 
89,41,1 
18,80,0 
16,75,0 
58,46,1 
65,8,1 
3,61,0 
40,86,0 
37,60,0 
28,80,0 
72,6,1 
43,73,0 
7,58,0 
25,55,0 
87,48,1 
25,76,0 
6,56,0 
54,5,1 
97,13,1 
27,69,0 
64,22,1 
83,13,1 
69,1,1 
61,30,1 
96,39,1 
12,98,0 
54,39,1 
80,46,1 
25,57,0 
94,5,1 
39,63,0 
94,27,1 
22,93,0 
55,44,1 
67,47,1 
79,7,1 
28,74,0 
89,17,1 
63,23,1 
91,48,1 
34,81,0 
98,1,1 
77,24,1 
45,79,0 
22,56,0 
91,26,1 
1,87,0 
17,73,0 
70,4,1 
25,74,0 
90,23,1 
95,49,1 
84,18,1 
73,33,1 
29,85,0 
37,57,0 
39,71,0 
58,43,1 
52,17,1 
5,98,0 
86,34,1 
61,24,1 
48,65,0 
83,17,1 
63,41,1 
27,84,0 
79,19,1 
79,19,1 
33,90,0 
13,88,0 
89,12,1 
8,77,0 
48,85,0 
52,24,1 
43,94,0 
55,47,1 
24,60,0 
52,0,1 
75,41,1 
41,98,0 
38,76,0 
96,33,1 
1,59,0 
22,59,0 
40,62,0 
40,98,0 
98,36,1 
38,96,0 
65,37,1 
91,28,1 
80,43,1 
98,37,1 
88,42,1 
94,0,1 
73,13,1 
23,71,0 
27,63,0 
100,38,1 
93,39,1 
81,42,1 
5,92,0 
2,90,0 
75,1,1 
99,35,1 
22,76,0 
33,88,0 
49,84,0 
96,7,1 
94,44,1 
48,98,0 
32,66,0 
3,91,0 
68,25,1 
30,85,0 
20,73,0 
31,86,0 
3,68,0 
85,22,1 
25,92,0 
45,100,0 
12,63,0 
89,28,1 
17,93,0 
27,72,0 
70,5,1 
88,5,1 
96,23,1 
22,92,0 
71,11,1 
60,12,1 
44,96,0 
61,1,1 
41,60,0 
23,63,0 
86,37,1 
61,25,1 
64,42,1 
9,62,0 
38,95,0 
81,45,1 
74,23,1 
25,89,0 
100,12,1 
85,41,1 
39,87,0 
98,21,1 
90,19,1 
51,6,1 
19,71,0 
46,91,0 
10,96,0 
95,32,1 
7,86,0 
99,11,1 
30,98,0 
69,0,1 
8,56,0 
94,27,1 
87,47,1 
10,65,0 
0,66,0 
8,95,0 
61,17,1 
11,75,0 
42,89,0 
34,51,0 
80,28,1 
4,86,0 
75,37,1 
51,27,1 
35,77,0 
99,24,1 
10,52,0 
22,79,0 
92,40,1 
36,75,0 
41,98,0 
8,99,0 
56,30,1 
31,75,0 
72,28,1 
48,91,0 
58,9,1 
43,52,0 
95,21,1 
66,46,1 
39,61,0 
87,8,1 
22,54,0 
97,26,1 
72,33,1 
28,64,0 
64,15,1 
60,43,1 
45,58,0 
45,92,0 
72,41,1 
88,49,1 
54,44,1 
63,5,1 
4,66,0 
82,12,1 
81,17,1 
92,37,1 
19,72,0 
82,38,1 
2,86,0 
1,100,0 
11,74,0 
38,54,0 
75,11,1 
36,60,0 
53,2,1 
35,54,0 
15,65,0 
70,46,1 
92,23,1 
94,6,1 
39,62,0 
27,99,0 
97,41,1 
14,92,0 
90,38,1 
74,28,1 
71,12,1 
62,25,1 
92,3,1 
91,4,1 
52,18,1 
9,99,0 
12,99,0 
39,100,0 
4,59,0 
52,10,1 
8,82,0 
36,68,0 
82,19,1 
66,10,1 
25,81,0 
69,16,1 
16,72,0 
64,27,1 
85,31,1 
87,30,1 
21,54,0 
5,60,0 
96,4,1 
14,77,0 
33,84,0 
73,29,1 
79,8,1 
65,6,1 
82,9,1 
94,3,1 
87,9,1 
68,16,1 
96,3,1 
28,88,0 
4,68,0 
18,85,0 
24,77,0 
83,5,1 
71,34,1 
89,16,1 
24,94,0 
92,38,1 
55,35,1 
93,3,1 
85,40,1 
72,34,1 
81,32,1 
70,19,1 
38,57,0 
70,40,1 
59,20,1 
61,17,1 
29,93,0 
23,62,0 
89,43,1 
40,74,0 
70,18,1 
65,19,1 
48,68,0 
14,52,0 
96,25,1 
70,28,1 
47,51,0 
29,88,0 
62,44,1 
76,2,1 
22,73,0 
40,78,0 
6,81,0 
17,83,0 
20,61,0 
62,3,1 
58,13,1 
88,17,1 
38,61,0 
79,33,1 
94,25,1 
100,48,1 
95,47,1 
14,52,0 
61,12,1 
39,80,0 
88,2,1 
14,77,0 
17,57,0 
70,15,1 
95,31,1 
96,7,1 
24,86,0 
59,31,1 
31,80,0 
9,91,0 
92,1,1 
34,90,0 
91,45,1 
95,2,1 
19,84,0 
33,89,0 
30,68,0 
84,35,1 
33,71,0 
43,69,0 
74,27,1 
98,46,1 
57,33,1 
1,56,0 
25,54,0 
78,42,1 
58,33,1 
63,49,1 
89,35,1 
44,91,0 
15,91,0 
21,56,0 
11,69,0 
39,63,0 
39,55,0 
41,53,0 
23,97,0 
3,89,0 
42,58,0 
36,53,0 
65,0,1 
69,1,1 
28,79,0 
99,1,1 
97,9,1 
31,67,0 
55,36,1 
2,77,0 
58,14,1 
31,76,0 
55,15,1 
73,22,1 
78,15,1 
6,90,0 
36,94,0 
60,9,1 
81,40,1 
79,12,1 
43,71,0 
6,96,0 
2,56,0 
10,73,0 
51,30,1 
30,76,0 
36,77,0 
75,4,1 
47,96,0 
55,5,1 
27,67,0 
11,73,0 
36,54,0 
35,82,0 
100,45,1 
100,47,1 
88,49,1 
53,0,1 
5,52,0 
54,2,1 
36,92,0 
61,32,1 
71,10,1 
44,85,0 
90,10,1 
82,4,1 
5,57,0 
23,90,0 
9,64,0 
26,70,0 
91,0,1 
25,68,0 
54,16,1 
87,47,1 
85,30,1 
25,60,0 
6,92,0 
22,92,0 
48,97,0 
58,8,1 
36,58,0 
21,67,0 
12,54,0 
80,36,1 
67,11,1 
44,63,0 
97,12,1 
67,31,1 
96,49,1 
98,12,1 
23,87,0 
24,97,0 
76,41,1 
95,20,1 
10,53,0 
68,19,1 
1,89,0 
98,37,1 
43,84,0 
10,70,0 
71,34,1 
3,84,0 
18,97,0 
45,75,0 
81,7,1 
91,7,1 
99,22,1 
93,33,1 
15,90,0 
38,96,0 
40,67,0 
57,41,1 
19,71,0 
10,86,0 
71,39,1 
25,58,0 
7,54,0 
21,98,0 
14,89,0 
62,17,1 
74,3,1 
81,4,1 
60,8,1 
9,71,0 
26,59,0 
83,46,1 
11,100,0 
87,38,1 
34,91,0 
77,45,1 
99,20,1 
49,97,0 
72,24,1 
67,23,1 
99,8,1 
12,84,0 
13,100,0 
36,84,0 
4,76,0 
57,47,1 
94,6,1 
12,74,0 
16,99,0 
63,3,1 
85,4,1 
41,74,0 
33,51,0 
45,86,0 
62,37,1 
86,37,1 
60,39,1 
77,24,1 
59,43,1 
35,63,0 
98,31,1 
17,62,0 
56,14,1 
10,66,0 
90,46,1 
3,76,0 
54,4,1 
43,56,0 
94,32,1 
10,91,0 
43,94,0 
20,58,0 
66,9,1 
26,55,0 
38,88,0 
99,35,1 
66,13,1 
54,48,1 
77,27,1 
82,21,1 
86,2,1 
75,21,1 
91,44,1 
82,36,1 
95,21,1 
2,78,0 
17,91,0 
35,100,0 
17,64,0 
81,28,1 
76,25,1 
19,60,0 
91,3,1 
42,55,0 
97,31,1 
77,23,1 
73,9,1 
87,15,1 
55,32,1 
10,87,0 
10,96,0 
39,53,0 
19,55,0 
75,40,1 
86,40,1 
36,88,0 
30,87,0 
25,57,0 
22,63,0 
44,76,0 
95,47,1 
56,32,1 
38,56,0 
89,43,1 
25,78,0 
76,14,1 
74,32,1 
93,25,1 
51,10,1 
83,43,1 
1,55,0 
33,72,0 
97,38,1 
39,98,0 
12,76,0 
79,13,1 
64,4,1 
31,56,0 
77,41,1 
71,29,1 
88,40,1 
76,19,1 
90,16,1 
29,62,0 
22,82,0 
98,49,1 
27,69,0 
60,9,1 
81,5,1 
74,0,1 
56,17,1 
61,11,1 
38,87,0 
56,15,1 
97,40,1 
94,16,1 
76,45,1 
77,40,1 
16,100,0 
0,67,0 
82,40,1 
84,11,1 
90,17,1 
62,8,1 
88,26,1 
19,84,0 
14,65,0 
52,49,1 
27,77,0 
93,31,1 
4,74,0 
48,92,0 
53,41,1 
13,79,0 
99,16,1 
91,33,1 
44,56,0 
94,20,1 
85,14,1 
76,32,1 
74,18,1 
78,20,1 
11,100,0 
34,64,0 
68,27,1 
74,20,1 
62,46,1 
42,76,0 
55,41,1 
61,14,1 
43,94,0 
98,3,1 
49,100,0 
27,62,0 
86,16,1 
15,87,0 
44,62,0 
29,92,0 
63,10,1 
41,68,0 
35,91,0 
7,76,0 
41,75,0 
2,66,0 
62,19,1 
11,88,0 
6,56,0 
84,22,1 
84,25,1 
17,86,0 
40,56,0 
9,73,0 
36,86,0 
24,55,0 
8,89,0 
55,18,1 
7,57,0 
45,75,0 
79,8,1 
9,51,0 
73,43,1 
24,63,0 
91,39,1 
80,1,1 
15,66,0 
25,92,0 
85,29,1 
96,42,1 
67,40,1 
52,34,1 
5,92,0 
15,91,0 
23,88,0 
13,60,0 
1,51,0 
95,46,1 
39,58,0 
1,56,0 
67,22,1 
77,7,1 
46,63,0 
76,43,1 
38,77,0 
91,38,1 
37,94,0 
61,9,1 
15,81,0 
98,22,1 
16,87,0 
24,52,0 
69,21,1 
4,95,0 
70,23,1 
89,3,1 
75,41,1 
14,100,0 
34,86,0 
39,83,0 
81,27,1 
79,12,1 
99,34,1 
20,76,0 
26,66,0 
54,37,1 
17,80,0 
89,9,1 
22,70,0 
1,62,0 
17,78,0 
31,100,0 
46,62,0 
39,74,0 
35,97,0 
39,74,0 
62,8,1 
89,47,1 
75,36,1 
96,3,1 
32,68,0 
80,41,1 
96,3,1 
44,76,0 
43,55,0 
71,11,1 
88,12,1 
1,78,0 
21,70,0 
33,81,0 
90,20,1 
35,89,0 
63,8,1 
32,66,0 
88,8,1 
90,6,1 
74,2,1 
10,79,0 
86,32,1 
49,88,0 
68,24,1 
98,46,1 
24,98,0 
61,13,1 
57,34,1 
92,32,1 
61,46,1 
32,84,0 
75,42,1 
49,52,0 
16,100,0 
83,46,1 
40,91,0 
1,88,0 
62,20,1 
45,68,0 
92,33,1 
52,46,1 
78,26,1 
88,4,1 
10,78,0 
74,46,1 
53,12,1 
38,51,0 
91,45,1 
62,9,1 
9,83,0 
57,47,1 
0,61,0 
16,79,0 
77,32,1 
9,57,0 
21,59,0 
10,88,0 
28,53,0 
22,95,0 
3,65,0 
90,37,1 
4,60,0 
76,37,1 
62,30,1 
42,95,0 
0,58,0 
13,84,0 
6,66,0 
98,12,1 
10,54,0 
56,47,1 
6,70,0 
86,0,1 
23,77,0 
59,32,1 
83,31,1 
19,98,0 
40,93,0 
47,60,0 
54,7,1 
78,2,1 
35,98,0 
15,65,0 
90,21,1 
25,96,0 
93,1,1 
80,27,1 
1,76,0 
43,51,0 
82,32,1 
46,68,0 
7,94,0 
57,35,1 
30,84,0 
16,97,0 
65,27,1 
70,1,1 
42,86,0 
76,27,1 
48,84,0 
63,25,1 
39,90,0 
75,13,1 
92,41,1 
65,29,1 
47,52,0 
68,48,1 
23,69,0 
14,82,0 
79,1,1 
61,35,1 
3,86,0 
14,53,0 
85,8,1 
10,51,0 
47,90,0 
29,76,0 
36,70,0 
14,57,0 
24,97,0 
16,62,0 
28,55,0 
70,18,1 
55,20,1 
42,71,0 
34,55,0 
74,37,1 
77,49,1 
100,45,1 
73,43,1 
87,5,1 
65,7,1 
2,59,0 
68,5,1 
36,65,0 
64,8,1 
47,74,0 
34,75,0 
24,68,0 
37,97,0 
56,27,1 
22,84,0 
70,22,1 
35,55,0 
64,28,1 
96,42,1 
35,77,0 
68,49,1 
34,61,0 
35,57,0 
67,26,1 
39,79,0 
49,52,0 
37,100,0 
40,92,0 
27,63,0 
3,78,0 
29,52,0 
84,14,1 
73,11,1 
59,8,1 
100,7,1 
67,6,1 
19,56,0 
25,61,0 
4,96,0 
93,8,1 
76,49,1 
27,76,0 
100,28,1 
19,61,0 
99,39,1 
33,93,0 
99,49,1 
78,48,1 
69,27,1 
95,6,1 
58,29,1 
18,84,0 
76,5,1 
3,86,0 
6,53,0 
6,87,0 
27,74,0 
37,82,0 
35,55,0 
47,75,0 
90,44,1 
24,58,0 
44,81,0 
72,32,1 
61,18,1 
28,90,0 
53,25,1 
67,19,1 
56,31,1 
17,84,0 
44,91,0 
47,74,0 
56,39,1 
88,20,1 
7,63,0 
29,73,0 
35,61,0 
99,5,1 
99,8,1 
24,65,0 
67,10,1 
68,9,1 
85,19,1 
53,14,1 
31,83,0 
56,30,1 
48,57,0 
34,82,0 
4,78,0 
89,27,1 
72,8,1 
47,92,0 
7,83,0 
41,68,0 
40,68,0 
70,42,1 
78,39,1 
86,31,1 
88,21,1 
89,14,1 
86,23,1 
62,4,1 
76,12,1 
46,71,0 
55,39,1 
38,90,0 
47,51,0 
99,45,1 
89,49,1 
47,71,0 
46,76,0 
25,63,0 
75,40,1 
62,42,1 
0,69,0 
86,30,1 
10,86,0 
58,28,1 
80,1,1 
59,27,1 
29,72,0 
25,53,0 
18,96,0 
53,24,1 
77,18,1 
19,90,0 
86,35,1 
1,64,0 
49,68,0 
29,65,0 
79,34,1 
13,63,0 
83,34,1 
49,98,0 
54,13,1 
58,35,1 
75,47,1 
72,6,1 
83,34,1 
95,16,1 
100,22,1 
61,1,1 
83,25,1 
28,68,0 
62,3,1 
14,63,0 
54,28,1 
95,18,1 
18,82,0 
24,95,0 
46,73,0 
80,46,1 
74,48,1 
41,59,0 
52,39,1 
38,90,0 
66,45,1 
84,48,1 
61,26,1 
58,5,1 
44,71,0 
23,80,0 
9,74,0 
59,8,1 
59,31,1 
64,32,1 
66,22,1 
13,51,0 
8,99,0 
28,83,0 
58,6,1 
41,52,0 
58,29,1 
44,99,0 
60,13,1 
72,0,1 
75,44,1 
54,43,1 
46,65,0 
2,58,0 
43,58,0 
79,29,1 
11,53,0 
15,79,0 
67,36,1 
11,87,0 
32,56,0 
32,80,0 
98,38,1 
31,98,0 
40,53,0 
14,93,0 
71,24,1 
5,87,0 
47,95,0 
65,16,1 
0,80,0 
78,49,1 
32,81,0 
5,55,0 
89,2,1 
34,53,0 
26,78,0 
65,43,1 
11,79,0 
75,36,1 
55,11,1 
15,59,0 
78,26,1 
46,69,0 
59,45,1 
4,66,0 
67,7,1 
91,24,1 
79,23,1 
96,5,1 
61,13,1 
93,40,1 
47,51,0 
36,67,0 
53,36,1 
21,72,0 
60,49,1 
44,58,0 
65,29,1 
71,28,1 
66,43,1 
83,5,1 
30,65,0 
57,14,1 
58,27,1 
42,98,0 
85,26,1 
68,45,1 
15,63,0 
19,61,0 
45,60,0 
88,12,1 
28,59,0 
75,28,1 
75,28,1 
98,19,1 
5,80,0 
29,91,0 
22,83,0 
67,32,1 
41,57,0 
34,52,0 
73,48,1 
80,25,1 
88,40,1 
19,52,0 
8,69,0 
78,9,1 
74,43,1 
85,14,1 
84,13,1 
61,19,1 
33,63,0 
13,75,0 
90,17,1 
92,45,1 
18,52,0 
44,68,0 
60,29,1 
43,77,0 
29,63,0 
29,63,0 
59,34,1 
1,82,0 
85,17,1 
15,70,0 
92,45,1 
26,79,0 
57,1,1 
8,81,0 
58,46,1 
41,81,0 
31,56,0 
87,31,1 
38,73,0 
91,48,1 
93,31,1 
10,87,0 
0,84,0 
28,67,0 
9,54,0 
62,47,1 
28,76,0 
3,63,0 
69,45,1 
56,47,1 
63,1,1 
19,92,0 
16,87,0 
98,5,1 
1,72,0 
44,67,0 
51,2,1 
7,87,0 
85,29,1 
95,38,1 
10,78,0 
19,85,0 
77,43,1 
46,60,0 
9,59,0 
75,10,1 
11,100,0 
9,69,0 
36,51,0 
11,76,0 
28,65,0 
60,4,1 
99,3,1 
57,28,1 
33,77,0 
0,63,0 
97,44,1 
98,19,1 
46,57,0 
100,46,1 
25,64,0 
40,87,0 
9,51,0 
86,19,1 
91,40,1 
96,23,1 
32,53,0 
83,12,1 
38,62,0 
86,31,1 
72,46,1 
38,74,0 
86,46,1 
77,47,1 
29,98,0 
21,64,0 
80,9,1 
22,81,0 
57,33,1 
82,24,1 
46,78,0 
78,40,1 
72,16,1 
88,49,1 
78,31,1 
66,32,1 
97,31,1 
41,90,0 
0,76,0 
56,23,1 
98,10,1 
40,86,0 
24,93,0 
6,73,0 
70,5,1 
37,90,0 
19,73,0 
39,84,0 
0,51,0 
80,44,1 
30,88,0 
75,32,1 
85,16,1 
87,22,1 
26,74,0 
45,71,0 
46,55,0 
18,69,0 
30,97,0 
30,63,0 
70,24,1 
85,45,1 
67,23,1 
37,85,0 
54,4,1 
75,30,1 
34,99,0 
44,60,0 
20,67,0 
99,47,1 
4,88,0 
58,46,1 
40,79,0 
76,37,1 
59,18,1 
40,90,0 
75,13,1 
19,77,0 
7,53,0 
70,43,1 
55,9,1 
61,15,1 
54,31,1 
16,73,0 
81,23,1 
47,73,0 
100,36,1 
44,77,0 
11,91,0 
95,0,1 
52,41,1 
42,86,0 
6,69,0 
32,53,0 
59,24,1 
68,41,1 
32,54,0 
68,14,1 
17,97,0 
7,77,0 
37,89,0 
29,96,0 
51,48,1 
99,4,1 
98,8,1 
78,18,1 
64,2,1 
63,26,1 
8,86,0 
54,27,1 
89,16,1 
24,89,0 
83,24,1 
37,57,0 
18,51,0 
30,52,0 
61,0,1 
32,76,0 
15,60,0 
86,26,1 
22,95,0 
28,69,0 
67,16,1 
39,84,0 
76,26,1 
22,52,0 
58,14,1 
43,99,0 
22,98,0 
27,66,0 
74,4,1 
56,45,1 
42,98,0 
69,30,1 
83,28,1 
77,0,1 
87,1,1 
69,24,1 
1,55,0 
89,42,1 
56,26,1 
21,100,0 
91,10,1 
9,90,0 
73,5,1 
58,30,1 
84,47,1 
69,6,1 
65,47,1 
65,41,1 
35,58,0 
18,79,0 
21,97,0 
9,60,0 
93,3,1 
13,79,0 
65,15,1 
19,62,0 
17,91,0 
53,14,1 
66,28,1 
62,5,1 
88,28,1 
17,56,0 
23,100,0 
46,83,0 
79,22,1 
88,10,1 
89,30,1 
63,15,1 
64,1,1 
85,1,1 
67,42,1 
82,10,1 
56,25,1 
85,36,1 
3,81,0 
12,62,0 
29,53,0 
57,22,1 
33,65,0 
71,48,1 
82,15,1 
56,23,1 
75,23,1 
61,8,1 
57,10,1 
73,8,1 
80,20,1 
97,37,1 
41,95,0 
24,87,0 
30,89,0 
92,44,1 
92,1,1 
45,77,0 
97,36,1 
39,52,0 
71,14,1 
9,86,0 
84,31,1 
13,85,0 
66,4,1 
13,89,0 
74,16,1 
80,40,1 
5,59,0 
65,7,1 
57,47,1 
31,70,0 
30,53,0 
52,46,1 
10,72,0 
44,88,0 
81,11,1 
53,38,1 
82,40,1 
71,22,1 
30,63,0 
28,91,0 
33,80,0 
100,36,1 
55,29,1 
66,32,1 
66,47,1 
71,7,1 
94,25,1 
49,90,0 
74,30,1 
92,40,1 
52,17,1 
19,54,0 
55,19,1 
37,79,0 
8,71,0 
26,96,0 
37,96,0 
60,25,1 
71,40,1 
78,11,1 
13,86,0 
92,8,1 
23,99,0 
19,56,0 
40,81,0 
96,21,1 
84,19,1 
66,24,1 
14,84,0 
3,57,0 
97,14,1 
8,51,0 
99,6,1 
95,7,1 
20,99,0 
9,73,0 
66,24,1 
43,83,0 
16,74,0 
78,34,1 
45,62,0 
81,22,1 
99,40,1 
52,19,1 
35,56,0 
89,39,1 
19,69,0 
51,22,1 
40,68,0 
27,78,0 
87,13,1 
54,1,1 
72,46,1 
22,70,0 
62,40,1 
31,74,0 
63,45,1 
33,95,0 
12,91,0 
36,66,0 
38,75,0 
96,43,1 
4,93,0 
18,71,0 
34,91,0 
52,37,1 
82,26,1 
99,42,1 
35,58,0 
84,15,1 
63,12,1 
93,22,1 
94,27,1 
60,9,1 
16,58,0 
84,37,1 
23,51,0 
4,81,0 
4,81,0 
1,65,0 
68,36,1 
54,27,1 
30,66,0 
66,41,1 
98,19,1 
72,49,1 
62,27,1 
61,38,1 
39,67,0 
16,92,0 
33,91,0 
56,41,1 
43,80,0 
4,51,0 
53,42,1 
7,72,0 
2,89,0 
43,57,0 
0,65,0 
1,74,0 
71,27,1 
80,35,1 
66,12,1 
69,37,1 
80,40,1 
21,90,0 
59,11,1 
71,14,1 
61,8,1 
29,83,0 
87,21,1 
18,66,0 
17,82,0 
89,1,1 
57,33,1 
95,21,1 
69,49,1 
52,14,1 
80,34,1 
87,9,1 
43,84,0 
24,61,0 
55,18,1 
55,35,1 
28,53,0 
12,54,0 
65,19,1 
26,64,0 
85,46,1 
87,2,1 
8,93,0 
49,60,0 
31,96,0 
85,25,1 
85,18,1 
20,93,0 
28,66,0 
10,53,0 
0,66,0 
59,9,1 
55,24,1 
21,85,0 
76,31,1 
57,28,1 
4,76,0 
98,43,1 
3,98,0 
85,21,1 
35,86,0 
58,44,1 
43,88,0 
8,73,0 
68,20,1 
42,72,0 
71,18,1 
16,79,0 
60,30,1 
18,100,0 
13,77,0 
96,13,1 
40,62,0 
27,98,0 
28,97,0 
46,99,0 
41,60,0 
0,96,0 
29,67,0 
52,40,1 
91,1,1 
51,15,1 
20,85,0 
23,69,0 
51,17,1 
45,87,0 
99,22,1 
78,36,1 
83,26,1 
88,16,1 
92,27,1 
70,37,1 
28,97,0 
94,8,1 
55,16,1 
13,91,0 
44,94,0 
45,60,0 
96,9,1 
52,3,1 
39,57,0 
83,3,1 
85,26,1 
59,23,1 
62,23,1 
72,10,1 
62,46,1 
66,37,1 
26,81,0 
96,42,1 
47,89,0 
23,75,0 
34,66,0 
57,22,1 
59,4,1 
18,89,0 
97,38,1 
11,99,0 
75,39,1 
58,18,1 
46,62,0 
29,76,0 
65,8,1 
96,10,1 
74,18,1 
39,95,0 
30,63,0 
32,62,0 
18,79,0 
85,49,1 
6,56,0 
74,3,1 
9,86,0 
74,30,1 
22,89,0 
81,23,1 
69,3,1 
93,32,1 
88,37,1 
74,36,1 
13,87,0 
25,86,0 
40,83,0 
14,82,0 
1,66,0 
38,80,0 
13,90,0 
73,22,1 
68,4,1 
71,3,1 
51,0,1 
60,47,1 
30,79,0 
58,0,1 
82,24,1 
1,60,0 
70,7,1 
95,29,1 
60,20,1 
2,77,0 
58,45,1 
83,28,1 
44,89,0 
57,39,1 
8,82,0 
22,99,0 
99,19,1 
6,63,0 
74,7,1 
91,1,1 
16,68,0 
13,73,0 
68,30,1 
2,67,0 
0,80,0 
97,22,1 
67,37,1 
23,52,0 
21,62,0 
1,52,0 
2,62,0 
90,3,1 
19,59,0 
54,4,1 
13,89,0 
64,48,1 
23,70,0 
55,8,1 
65,17,1 
52,28,1 
79,28,1 
95,42,1 
63,48,1 
71,9,1 
56,38,1 
31,89,0 
28,53,0 
83,10,1 
62,16,1 
68,7,1 
73,41,1 
80,1,1 
60,43,1 
27,52,0 
19,52,0 
62,9,1 
93,35,1 
73,5,1 
27,69,0 
4,55,0 
29,82,0 
46,61,0 
16,92,0 
42,56,0 
14,54,0 
55,32,1 
14,81,0 
63,1,1 
36,57,0 
38,89,0 
10,62,0 
86,13,1 
43,62,0 
33,66,0 
18,93,0 
46,70,0 
84,38,1 
89,2,1 
40,53,0 
25,59,0 
14,96,0 
51,41,1 
78,10,1 
24,54,0 
47,53,0 
97,46,1 
54,40,1 
3,75,0 
51,10,1 
21,99,0 
54,48,1 
68,45,1 
62,42,1 
75,9,1 
54,13,1 
16,76,0 
99,22,1 
53,33,1 
99,27,1 
47,83,0 
27,76,0 
44,95,0 
72,26,1 
53,35,1 
72,9,1 
66,25,1 
16,98,0 
53,31,1 
74,22,1 
30,91,0 
3,76,0 
11,94,0 
55,3,1 
75,42,1 
49,86,0 
60,46,1 
72,36,1 
87,25,1 
2,55,0 
89,30,1 
56,10,1 
95,36,1 
60,9,1 
87,4,1 
0,53,0 
61,48,1 
32,55,0 
83,19,1 
95,14,1 
21,85,0 
54,32,1 
85,4,1 
40,64,0 
41,67,0 
4,59,0 
4,57,0 
60,14,1 
37,82,0 
7,64,0 
31,51,0 
48,55,0 
29,82,0 
32,67,0 
20,98,0 
17,51,0 
6,69,0 
94,25,1 
44,81,0 
2,60,0 
40,84,0 
66,42,1 
29,62,0 
28,68,0 
51,26,1 
28,65,0 
51,38,1 
98,46,1 
44,70,0 
90,29,1 
89,38,1 
78,33,1 
38,54,0 
65,0,1 
72,41,1 
43,91,0 
57,31,1 
21,56,0 
67,28,1 
70,42,1 
4,92,0 
76,26,1 
1,74,0 
79,31,1 
93,0,1 
17,80,0 
1,79,0 
86,25,1 
6,77,0 
27,58,0 
72,47,1 
12,93,0 
63,40,1 
80,40,1 
41,59,0 
46,92,0 
63,17,1 
72,17,1 
68,7,1 
17,64,0 
2,62,0 
71,45,1 
16,67,0 
81,9,1 
24,83,0 
94,27,1 
16,81,0 
88,37,1 
32,82,0 
5,54,0 
34,56,0 
28,93,0 
62,37,1 
67,49,1 
46,81,0 
31,97,0 
98,6,1 
41,61,0 
37,68,0 
37,92,0 
43,62,0 
51,7,1 
89,27,1 
54,23,1 
54,35,1 
75,12,1 
52,49,1 
15,77,0 
45,55,0 
96,46,1 
44,69,0 
86,42,1 
62,30,1 
95,38,1 
16,97,0 
35,59,0 
13,87,0 
65,38,1 
89,44,1 
75,45,1 
58,1,1 
95,49,1 
92,20,1 
2,57,0 
52,41,1 
49,89,0 
83,6,1 
60,4,1 
73,16,1 
75,34,1 
28,74,0 
88,9,1 
28,65,0 
55,44,1 
37,69,0 
45,66,0 
93,26,1 
76,21,1 
14,80,0 
48,86,0 
11,62,0 
91,29,1 
64,20,1 
44,69,0 
15,81,0 
22,81,0 
43,66,0 
67,1,1 
85,41,1 
72,44,1 
59,47,1 
7,79,0 
90,7,1 
39,54,0 
71,5,1 
32,100,0 
87,12,1 
57,40,1 
9,77,0 
80,13,1 
59,44,1 
19,81,0 
12,90,0 
69,4,1 
6,74,0 
48,76,0 
25,52,0 
95,5,1 
12,84,0 
73,40,1 
82,23,1 
89,29,1 
32,72,0 
44,91,0 
4,59,0 
19,67,0 
17,70,0 
58,44,1 
69,14,1 
1,79,0 
100,41,1 
1,76,0 
48,75,0 
38,74,0 
73,36,1 
12,59,0 
76,17,1 
90,30,1 
20,55,0 
84,44,1 
83,5,1 
9,55,0 
97,9,1 
54,3,1 
99,39,1 
84,6,1 
56,36,1 
98,23,1 
63,8,1 
63,22,1 
55,6,1 
32,84,0 
51,2,1 
72,4,1 
69,37,1 
14,75,0 
31,86,0 
46,68,0 
3,56,0 
98,46,1 
77,34,1 
84,8,1 
23,92,0 
80,47,1 
45,74,0 
44,52,0 
96,31,1 
12,72,0 
97,41,1 
22,80,0 
44,51,0 
73,43,1 
4,77,0 
91,22,1 
29,94,0 
32,62,0 
40,97,0 
29,99,0 
55,33,1 
95,43,1 
14,77,0 
86,18,1 
2,84,0 
1,78,0 
25,74,0 
63,29,1 
36,68,0 
21,93,0 
44,93,0 
12,75,0 
21,94,0 
31,61,0 
16,61,0 
60,8,1 
87,28,1 
82,45,1 
63,44,1 
63,25,1 
9,95,0 
100,10,1 
56,41,1 
35,63,0 
97,2,1 
60,33,1 
73,21,1 
5,62,0 
58,27,1 
65,12,1 
27,89,0 
93,13,1 
3,86,0 
41,81,0 
4,51,0 
33,73,0 
26,80,0 
37,85,0 
78,14,1 
64,25,1 
99,45,1 
76,35,1 
87,10,1 
49,89,0 
39,63,0 
79,10,1 
67,7,1 
53,36,1 
45,89,0 
64,43,1 
28,90,0 
49,75,0 
98,3,1 
21,91,0 
60,6,1 
53,24,1 
37,81,0 
27,90,0 
66,21,1 
66,10,1 
25,72,0 
62,33,1 
62,36,1 
6,95,0 
52,18,1 
75,40,1 
12,79,0 
24,87,0 
19,86,0 
17,81,0 
44,89,0 
64,45,1 
10,52,0 
61,31,1 
59,35,1 
15,72,0 
45,81,0 
84,7,1 
72,10,1 
95,43,1 
38,67,0 
16,82,0 
8,98,0 
88,29,1 
80,1,1 
15,57,0 
38,55,0 
95,36,1 
5,85,0 
16,78,0 
53,41,1 
30,59,0 
43,63,0 
78,38,1 
91,8,1 
8,84,0 
69,0,1 
31,74,0 
77,2,1 
33,84,0 
56,42,1 
100,15,1 
58,39,1 
54,43,1 
69,19,1 
35,78,0 
58,6,1 
63,1,1 
98,21,1 
25,87,0 
78,3,1 
31,88,0 
89,47,1 
13,77,0 
78,47,1 
54,6,1 
30,59,0 
35,64,0 
92,36,1 
1,58,0 
79,42,1 
91,41,1 
52,1,1 
46,82,0 
29,78,0 
76,26,1 
17,96,0 
29,89,0 
23,100,0 
69,46,1 
90,42,1 
64,10,1 
63,31,1 
86,4,1 
75,37,1 
10,55,0 
98,44,1 
71,18,1 
76,32,1 
6,89,0 
40,72,0 
1,99,0 
84,21,1 
1,93,0 
82,34,1 
9,58,0 
15,69,0 
85,13,1 
35,72,0 
21,80,0 
10,74,0 
98,4,1 
37,71,0 
1,52,0 
49,67,0 
77,5,1 
77,32,1 
42,72,0 
46,92,0 
65,2,1 
93,0,1 
27,73,0 
77,46,1 
81,28,1 
3,69,0 
43,90,0 
28,90,0 
83,44,1 
1,94,0 
52,4,1 
76,32,1 
90,19,1 
37,87,0 
42,62,0 
6,78,0 
83,23,1 
65,17,1 
1,64,0 
15,67,0 
24,76,0 
35,94,0 
31,82,0 
66,40,1 
17,60,0 
16,57,0 
48,94,0 
0,51,0 
21,61,0 
93,3,1 
48,73,0 
24,78,0 
43,90,0 
12,66,0 
68,38,1 
18,86,0 
23,93,0 
77,23,1 
43,79,0 
96,8,1 
25,67,0 
14,93,0 
49,78,0 
24,64,0 
0,52,0 
67,6,1 
17,85,0 
64,43,1 
21,57,0 
20,69,0 
40,88,0 
43,90,0 
55,23,1 
43,87,0 
69,13,1 
89,12,1 
26,91,0 
18,98,0 
12,97,0 
54,27,1 
53,1,1 
2,59,0 
72,8,1 
40,92,0 
99,31,1 
77,45,1 
79,8,1 
25,68,0 
25,77,0 
46,90,0 
28,87,0 
61,36,1 
26,95,0 
62,24,1 
25,93,0 
97,26,1 
47,85,0 
60,37,1 
10,70,0 
75,46,1 
16,70,0 
88,30,1 
2,88,0 
10,97,0 
29,54,0 
72,28,1 
72,31,1 
43,85,0 
61,24,1 
99,16,1 
66,10,1 
72,33,1 
38,55,0 
93,28,1 
94,19,1 
52,2,1 
73,1,1 
83,0,1 
1,92,0 
39,56,0 
34,92,0 
0,63,0 
44,100,0 
42,75,0 
14,52,0 
62,38,1 
82,29,1 
8,62,0 
53,40,1 
49,58,0 
73,30,1 
29,77,0 
88,34,1 
10,94,0 
7,81,0 
76,2,1 
53,48,1 
1,79,0 
29,76,0 
78,8,1 
55,20,1 
64,14,1 
54,31,1 
32,75,0 
9,78,0 
80,9,1 
85,13,1 
62,6,1 
76,5,1 
40,71,0 
19,56,0 
55,41,1 
94,33,1 
58,40,1 
86,17,1 
45,65,0 
4,69,0 
68,23,1 
16,86,0 
54,4,1 
20,97,0 
32,85,0 
30,62,0 
86,46,1 
42,79,0 
48,57,0 
21,96,0 
60,27,1 
48,61,0 
81,46,1 
70,2,1 
33,53,0 
91,18,1 
84,42,1 
97,49,1 
19,100,0 
74,7,1 
93,49,1 
93,44,1 
92,5,1 
0,90,0 
11,52,0 
14,60,0 
3,63,0 
40,86,0 
21,100,0 
41,66,0 
12,97,0 
90,46,1 
22,53,0 
98,48,1 
80,30,1 
38,78,0 
54,27,1 
63,44,1 
76,18,1 
17,100,0 
64,47,1 
77,18,1 
12,91,0 
18,82,0 
6,68,0 
56,47,1 
4,80,0 
62,4,1 
62,16,1 
85,10,1 
84,49,1 
13,84,0 
75,14,1 
44,92,0 
2,53,0 
99,34,1 
42,52,0 
67,14,1 
86,45,1 
25,95,0 
33,75,0 
82,34,1 
23,73,0 
78,18,1 
46,58,0 
14,67,0 
53,19,1 
12,59,0 
51,43,1 
75,20,1 
75,39,1 
46,81,0 
3,60,0 
56,26,1 
70,38,1 
59,21,1 
14,53,0 
66,34,1 
97,12,1 
63,10,1 
9,79,0 
23,91,0 
83,10,1 
81,28,1 
8,91,0 
36,73,0 
60,7,1 
6,95,0 
77,35,1 
38,72,0 
100,7,1 
32,60,0 
32,82,0 
22,64,0 
73,38,1 
99,23,1 
31,76,0 
87,4,1 
44,93,0 
80,29,1 
73,36,1 
68,36,1 
52,18,1 
34,86,0 
0,89,0 
26,86,0 
44,80,0 
17,100,0 
6,51,0 
54,6,1 
26,70,0 
25,87,0 
98,22,1 
80,5,1 
66,9,1 
86,39,1 
43,56,0 
39,74,0 
98,40,1 
38,74,0 
34,98,0 
14,77,0 
16,52,0 
29,84,0 
12,91,0 
93,41,1 
71,32,1 
72,36,1 
41,92,0 
40,95,0 
46,80,0 
79,27,1 
65,8,1 
48,77,0 
38,74,0 
69,23,1 
64,14,1 
84,11,1 
35,57,0 
52,32,1 
32,69,0 
65,44,1 
24,90,0 
3,92,0 
83,10,1 
48,75,0 
90,24,1 
100,21,1 
15,62,0 
44,80,0 
29,92,0 
85,19,1 
4,68,0 
40,59,0 
46,99,0 
30,56,0 
59,19,1 
22,51,0 
92,23,1 
14,82,0 
34,52,0 
41,86,0 
23,79,0 
75,17,1 
37,66,0 
25,68,0 
29,53,0 
20,94,0 
42,56,0 
28,82,0 
0,75,0 
57,27,1 
52,11,1 
29,72,0 
7,95,0 
69,44,1 
6,57,0 
100,43,1 
33,61,0 
38,84,0 
57,24,1 
19,52,0 
0,58,0 
47,89,0 
62,18,1 
52,1,1 
39,96,0 
14,98,0 
69,28,1 
30,96,0 
16,53,0 
57,19,1 
68,36,1 
61,42,1 
52,20,1 
28,91,0 
63,25,1 
76,43,1 
77,31,1 
29,89,0 
80,3,1 
99,8,1 
0,65,0 
22,90,0 
40,56,0 
44,83,0 
99,39,1 
82,33,1 
88,49,1 
8,56,0 
93,17,1 
80,11,1 
20,66,0 
97,32,1 
53,34,1 
40,57,0 
73,11,1 
16,87,0 
37,91,0 
20,62,0 
26,61,0 
9,51,0 
6,55,0 
22,88,0 
26,59,0 
84,0,1 
15,75,0 
80,37,1 
97,46,1 
71,4,1 
10,89,0 
41,72,0 
59,11,1 
40,84,0 
34,51,0 
68,45,1 
71,40,1 
36,92,0 
83,27,1 
49,57,0 
39,93,0 
26,64,0 
25,74,0 
82,47,1 
35,73,0 
38,92,0 
97,10,1 
29,100,0 
4,80,0 
68,31,1 
39,60,0 
25,75,0 
88,18,1 
83,22,1 
40,72,0 
19,77,0 
68,45,1 
86,23,1 
31,96,0 
30,56,0 
93,38,1 
1,69,0 
39,82,0 
63,41,1 
55,44,1 
4,64,0 
36,100,0 
71,24,1 
53,19,1 
48,98,0 
68,15,1 
73,36,1 
47,85,0 
67,38,1 
27,75,0 
91,14,1 
66,44,1 
58,37,1 
70,18,1 
4,65,0 
45,67,0 
27,76,0 
97,49,1 
17,70,0 
53,19,1 
18,66,0 
73,20,1 
43,87,0 
38,92,0 
43,64,0 
24,77,0 
68,43,1 
23,97,0 
32,61,0 
75,43,1 
4,68,0 
94,14,1 
96,18,1 
97,0,1 
89,36,1 
22,96,0 
21,86,0 
74,30,1 
4,92,0 
13,82,0 
77,31,1 
39,72,0 
90,26,1 
52,3,1 
4,85,0 
42,56,0 
24,99,0 
48,63,0 
18,70,0 
96,31,1 
52,32,1 
98,26,1 
13,95,0 
61,23,1 
93,18,1 
51,4,1 
85,46,1 
68,9,1 
91,7,1 
29,89,0 
27,91,0 
17,80,0 
21,78,0 
6,57,0 
20,89,0 
56,18,1 
23,74,0 
37,57,0 
87,8,1 
5,98,0 
45,72,0 
68,47,1 
42,83,0 
52,25,1 
24,52,0 
60,13,1 
0,83,0 
36,79,0 
33,77,0 
81,18,1 
99,46,1 
56,2,1 
13,100,0 
9,80,0 
32,77,0 
52,25,1 
2,98,0 
23,86,0 
9,80,0 
73,37,1 
62,37,1 
35,95,0 
66,49,1 
28,58,0 
36,93,0 
74,1,1 
49,53,0 
27,88,0 
19,64,0 
23,91,0 
52,24,1 
48,86,0 
31,64,0 
95,43,1 
51,17,1 
70,16,1 
52,36,1 
92,19,1 
29,77,0 
77,28,1 
47,91,0 
44,60,0 
36,91,0 
8,99,0 
32,72,0 
92,19,1 
46,83,0 
0,82,0 
21,91,0 
48,98,0 
3,83,0 
42,94,0 
16,97,0 
92,27,1 
86,0,1 
59,30,1 
78,22,1 
39,92,0 
12,81,0 
95,18,1 
31,65,0 
8,87,0 
52,34,1 
64,48,1 
49,65,0 
100,7,1 
33,97,0 
46,51,0 
16,65,0 
86,24,1 
9,88,0 
91,10,1 
1,91,0 
24,62,0 
80,43,1 
39,84,0 
87,39,1 
54,13,1 
6,73,0 
0,98,0 
67,44,1 
70,9,1 
64,36,1 
54,4,1 
42,89,0 
83,42,1 
28,56,0 
30,52,0 
31,81,0 
13,73,0 
34,77,0 
91,16,1 
95,28,1 
89,38,1 
19,100,0 
7,93,0 
33,54,0 
0,80,0 
20,72,0 
64,37,1 
2,74,0 
76,10,1 
55,16,1 
61,34,1 
2,58,0 
99,0,1 
0,58,0 
53,8,1 
68,44,1 
40,96,0 
16,67,0 
90,22,1 
34,65,0 
36,72,0 
33,88,0 
95,11,1 
45,95,0 
95,23,1 
74,46,1 
87,8,1 
37,57,0 
41,60,0 
75,42,1 
1,100,0 
66,41,1 
92,31,1 
83,16,1 
93,35,1 
94,34,1 
63,48,1 
93,30,1 
39,65,0 
19,93,0 
63,6,1 
23,51,0 
53,31,1 
53,19,1 
42,99,0 
36,66,0 
32,73,0 
4,87,0 
58,46,1 
73,12,1 
61,0,1 
18,99,0 
84,32,1 
55,9,1 
9,76,0 
67,29,1 
79,40,1 
10,76,0 
92,7,1 
4,85,0 
34,65,0 
14,80,0 
86,28,1 
56,38,1 
9,80,0 
85,33,1 
96,37,1 
96,14,1 
18,66,0 
11,93,0 
65,17,1 
94,43,1 
67,38,1 
34,84,0 
75,22,1 
18,84,0 
24,77,0 
60,26,1 
0,99,0 
41,93,0 
25,91,0 
67,1,1 
2,75,0 
77,4,1 
72,6,1 
11,54,0 
55,8,1 
41,70,0 
71,42,1 
65,1,1 
63,16,1 
39,54,0 
99,3,1 
33,61,0 
81,39,1 
41,91,0 
57,0,1 
86,44,1 
47,81,0 
38,95,0 
52,1,1 
31,77,0 
37,92,0 
44,54,0 
33,77,0 
96,13,1 
53,33,1 
100,46,1 
17,96,0 
18,91,0 
48,91,0 
75,11,1 
91,38,1 
20,77,0 
16,91,0 
64,1,1 
96,21,1 
94,27,1 
20,59,0 
36,69,0 
18,65,0 
17,65,0 
8,61,0 
4,69,0 
71,29,1 
19,96,0 
100,3,1 
23,84,0 
44,67,0 
9,60,0 
33,74,0 
22,82,0 
33,52,0 
61,44,1 
43,52,0 
55,30,1 
45,70,0 
43,73,0 
20,91,0 
46,65,0 
36,68,0 
38,85,0 
0,80,0 
73,11,1 
85,9,1 
32,62,0 
69,37,1 
100,0,1 
81,8,1 
40,56,0 
23,68,0 
38,81,0 
67,12,1 
73,43,1 
22,68,0 
3,65,0 
57,24,1 
21,73,0 
43,93,0 
24,52,0 
46,66,0 
13,70,0 
53,9,1 
42,54,0 
52,46,1 
16,67,0 
21,99,0 
92,32,1 
65,46,1 
65,31,1 
35,67,0 
68,8,1 
47,80,0 
84,22,1 
8,65,0 
13,79,0 
3,85,0 
70,14,1 
12,61,0 
0,59,0 
70,33,1 
44,54,0 
11,70,0 
89,36,1 
64,13,1 
0,62,0 
73,7,1 
25,96,0 
21,81,0 
43,77,0 
77,11,1 
52,38,1 
22,86,0 
77,1,1 
31,100,0 
100,42,1 
19,83,0 
86,10,1 
83,9,1 
54,33,1 
2,92,0 
74,45,1 
28,85,0 
76,18,1 
70,38,1 
8,99,0 
52,43,1 
81,30,1 
70,11,1 
17,63,0 
66,44,1 
79,32,1 
28,87,0 
54,15,1 
22,96,0 
17,76,0 
10,87,0 
2,57,0 
57,36,1 
53,9,1 
77,35,1 
61,33,1 
51,32,1 
60,27,1 
32,66,0 
44,67,0 
45,64,0 
85,12,1 
37,52,0 
62,26,1 
5,72,0 
72,44,1 
73,13,1 
81,41,1 
52,4,1 
35,83,0 
98,39,1 
55,10,1 
83,28,1 
88,19,1 
39,52,0 
83,19,1 
79,23,1 
91,19,1 
72,7,1 
73,47,1 
80,43,1 
24,89,0 
1,88,0 
12,51,0 
94,31,1 
87,40,1 
93,6,1 
66,2,1 
45,59,0 
47,56,0 
13,90,0 
0,97,0 
36,57,0 
75,16,1 
23,82,0 
39,69,0 
43,79,0 
34,91,0 
80,6,1 
47,82,0 
63,26,1 
76,37,1 
56,9,1 
56,40,1 
100,43,1 
59,4,1 
16,75,0 
29,64,0 
19,60,0 
85,11,1 
88,20,1 
99,27,1 
97,48,1 
7,97,0 
87,2,1 
52,8,1 
24,69,0 
95,18,1 
32,68,0 
9,76,0 
88,30,1 
55,48,1 
88,33,1 
0,100,0 
76,16,1 
82,30,1 
67,42,1 
35,74,0 
76,16,1 
67,20,1 
37,62,0 
72,21,1 
99,17,1 
82,34,1 
9,67,0 
39,86,0 
36,63,0 
97,0,1 
94,7,1 
32,78,0 
12,53,0 
93,36,1 
89,18,1 
20,87,0 
88,44,1 
37,97,0 
8,94,0 
42,65,0 
44,84,0 
99,30,1 
45,74,0 
28,87,0 
57,12,1 
40,51,0 
48,64,0 
3,91,0 
8,55,0 
12,58,0 
86,36,1 
74,14,1 
20,57,0 
24,84,0 
10,64,0 
69,39,1 
91,15,1 
36,65,0 
2,63,0 
21,99,0 
15,59,0 
99,30,1 
29,76,0 
71,9,1 
93,10,1 
97,18,1 
56,1,1 
57,26,1 
46,83,0 
43,98,0 
39,63,0 
44,56,0 
34,84,0 
54,25,1 
49,92,0 
71,48,1 
32,61,0 
99,48,1 
42,60,0 
99,42,1 
15,60,0 
34,99,0 
55,19,1 
65,25,1 
12,82,0 
68,31,1 
89,7,1 
63,0,1 
60,42,1 
54,43,1 
37,57,0 
25,99,0 
64,13,1 
33,98,0 
55,49,1 
15,100,0 
65,22,1 
26,84,0 
46,66,0 
5,100,0 
7,95,0 
22,89,0 
80,25,1 
86,47,1 
26,90,0 
74,31,1 
28,71,0 
64,17,1 
61,31,1 
75,34,1 
15,63,0 
100,37,1 
82,38,1 
1,55,0 
71,1,1 
95,38,1 
22,79,0 
3,94,0 
40,51,0 
82,9,1 
64,7,1 
35,81,0 
85,47,1 
43,73,0 
27,94,0 
10,57,0 
98,49,1 
36,79,0 
41,98,0 
66,34,1 
47,72,0 
93,19,1 
58,10,1 
35,87,0 
28,81,0 
92,47,1 
65,48,1 
62,39,1 
22,61,0 
63,32,1 
65,23,1 
16,87,0 
19,64,0 
52,14,1 
47,100,0 
5,58,0 
27,81,0 
99,18,1 
69,7,1 
64,19,1 
34,93,0 
35,72,0 
0,93,0 
74,29,1 
32,94,0 
53,24,1 
33,65,0 
5,99,0 
32,77,0 
83,49,1 
65,29,1 
85,49,1 
83,18,1 
31,65,0 
48,77,0 
100,29,1 
66,5,1 
40,96,0 
45,83,0 
24,94,0 
29,99,0 
59,1,1 
53,31,1 
11,98,0 
72,14,1 
15,54,0 
97,36,1 
8,64,0 
43,58,0 
85,44,1 
18,72,0 
34,56,0 
52,37,1 
66,38,1 
21,59,0 
63,11,1 
30,66,0 
93,34,1 
99,34,1 
11,62,0 
39,55,0 
5,98,0 
81,5,1 
49,53,0 
31,86,0 
8,76,0 
31,66,0 
97,44,1 
66,11,1 
40,84,0 
60,44,1 
100,10,1 
62,20,1 
23,63,0 
94,7,1 
72,40,1 
0,89,0 
15,63,0 
60,6,1 
5,81,0 
46,94,0 
73,8,1 
67,31,1 
49,95,0 
29,76,0 
42,80,0 
15,59,0 
4,54,0 
34,56,0 
9,73,0 
92,37,1 
59,40,1 
22,54,0 
17,55,0 
14,67,0 
64,38,1 
97,16,1 
78,30,1 
89,7,1 
57,46,1 
79,31,1 
51,37,1 
17,72,0 
1,88,0 
30,73,0 
63,36,1 
49,76,0 
60,37,1 
31,63,0 
97,47,1 
93,6,1 
87,35,1 
87,28,1 
7,100,0 
73,21,1 
100,42,1 
42,85,0 
34,81,0 
48,96,0 
81,1,1 
97,22,1 
70,16,1 
83,5,1 
94,38,1 
3,68,0 
2,88,0 
100,45,1 
81,18,1 
41,70,0 
35,83,0 
83,3,1 
23,70,0 
84,45,1 
6,85,0 
61,4,1 
91,49,1 
53,6,1 
38,68,0 
90,12,1 
97,5,1 
3,68,0 
58,46,1 
95,25,1 
97,9,1 
4,91,0 
10,83,0 
5,59,0 
94,30,1 
85,34,1 
57,14,1 
8,68,0 
80,5,1 
89,29,1 
6,62,0 
21,90,0 
89,31,1 
67,38,1 
39,80,0 
37,62,0 
40,76,0 
98,23,1 
59,40,1 
13,74,0 
75,11,1 
65,31,1 
16,67,0 
86,11,1 
81,35,1 
2,51,0 
64,46,1 
36,69,0 
17,88,0 
34,62,0 
12,69,0 
84,35,1 
76,4,1 
33,55,0 
51,37,1 
88,36,1 
48,59,0 
52,0,1 
78,23,1 
58,3,1 
97,22,1 
43,96,0 
70,27,1 
100,26,1 
4,87,0 
28,76,0 
75,38,1 
27,81,0 
87,39,1 
47,97,0 
2,60,0 
13,55,0 
10,99,0 
62,16,1 
30,67,0 
47,68,0 
70,46,1 
16,99,0 
12,62,0 
24,66,0 
59,48,1 
83,41,1 
28,83,0 
94,26,1 
55,8,1 
31,69,0 
100,49,1 
28,74,0 
59,3,1 
85,15,1 
68,19,1 
18,76,0 
97,15,1 
3,86,0 
99,47,1 
6,59,0 
44,53,0 
82,14,1 
17,94,0 
29,57,0 
10,65,0 
34,66,0 
54,5,1 
93,9,1 
38,81,0 
76,32,1 
89,17,1 
74,11,1 
98,49,1 
91,30,1 
88,49,1 
60,45,1 
6,95,0 
93,23,1 
38,85,0 
2,71,0 
75,4,1 
51,6,1 
40,98,0 
68,31,1 
52,42,1 
90,23,1 
44,74,0 
7,62,0 
46,85,0 
71,28,1 
9,61,0 
82,40,1 
69,26,1 
57,1,1 
74,1,1 
98,20,1 
58,29,1 
57,1,1 
30,98,0 
82,33,1 
48,55,0 
35,69,0 
82,9,1 
2,72,0 
77,14,1 
25,75,0 
66,46,1 
31,96,0 
41,96,0 
78,1,1 
70,42,1 
81,23,1 
79,19,1 
67,44,1 
33,68,0 
73,3,1 
17,64,0 
99,18,1 
68,38,1 
95,32,1 
53,49,1 
48,76,0 
43,63,0 
100,27,1 
15,87,0 
1,53,0 
25,83,0 
95,20,1 
13,91,0 
76,40,1 
89,34,1 
56,7,1 
96,30,1 
10,82,0 
59,26,1 
18,71,0 
42,56,0 
42,51,0 
99,29,1 
94,42,1 
55,13,1 
17,100,0 
54,38,1 
7,91,0 
78,24,1 
61,45,1 
43,100,0 
10,67,0 
12,65,0 
100,17,1 
80,13,1 
11,61,0 
59,46,1 
48,78,0 
15,58,0 
53,21,1 
8,87,0 
42,87,0 
38,82,0 
35,83,0 
68,23,1 
32,92,0 
34,73,0 
100,1,1 
22,91,0 
35,55,0 
64,38,1 
70,29,1 
85,28,1 
78,33,1 
60,8,1 
7,68,0 
97,47,1 
23,55,0 
11,95,0 
63,4,1 
51,19,1 
77,35,1 
52,41,1 
24,61,0 
11,86,0 
4,98,0 
29,76,0 
63,23,1 
35,65,0 
62,19,1 
73,23,1 
29,79,0 
65,38,1 
17,56,0 
9,51,0 
68,24,1 
24,52,0 
87,36,1 
28,51,0 
20,84,0 
95,4,1 
26,70,0 
8,86,0 
9,51,0 
29,58,0 
64,11,1 
37,69,0 
49,52,0 
81,47,1 
63,43,1 
65,34,1 
19,78,0 
46,55,0 
78,11,1 
76,25,1 
91,47,1 
86,43,1 
44,62,0 
93,6,1 
72,11,1 
7,70,0 
45,69,0 
7,69,0 
37,59,0 
65,46,1 
66,21,1 
34,97,0 
98,19,1 
46,87,0 
71,9,1 
56,26,1 
21,93,0 
43,72,0 
80,39,1 
82,47,1 
5,65,0 
67,29,1 
22,81,0 
60,32,1 
18,91,0 
77,8,1 
27,92,0 
57,25,1 
57,40,1 
26,98,0 
15,82,0 
4,97,0 
65,23,1 
61,0,1 
8,55,0 
5,74,0 
44,52,0 
1,97,0 
2,84,0 
39,87,0 
75,20,1 
52,6,1 
48,68,0 
74,42,1 
70,21,1 
6,94,0 
63,43,1 
24,52,0 
89,45,1 
97,3,1 
84,8,1 
9,95,0 
81,24,1 
59,1,1 
77,11,1 
15,62,0 
96,46,1 
18,95,0 
19,62,0 
61,44,1 
56,7,1 
86,28,1 
73,30,1 
82,49,1 
44,71,0 
47,95,0 
44,74,0 
78,13,1 
71,39,1 
90,37,1 
84,39,1 
17,54,0 
19,73,0 
58,42,1 
94,38,1 
29,61,0 
49,85,0 
54,49,1 
18,74,0 
6,100,0 
87,26,1 
59,25,1 
63,38,1 
6,96,0 
